60 90

-100 -30 -40
 -30 -30 -40
 -30 -15 -40
 -75 -15 -40
 -75  50 -40
-100  50 -40

-100 -30 -10
 -30 -30 -10
 -30 -15 -10
 -75 -15 -10
 -75  50 -10
-100  50 -10

 -10 -30 -40
  60 -30 -40
  60 -15 -40
  15 -15 -40
  15   3 -40
  60   3 -40
  60  18 -40
  15  18 -40
  15  35 -40
  60  35 -40
  60  50 -40
 -10  50 -40

 -10 -30 -10
  60 -30 -10
  60 -15 -10
  15 -15 -10
  15   3 -10
  60   3 -10
  60  18 -10
  15  18 -10
  15  35 -10
  60  35 -10
  60  50 -10
 -10  50 -10

  80 -30 -40
 150 -30 -40
 150 -15 -40
 105 -15 -40
 105   3 -40
 150   3 -40
 150  18 -40
 105  18 -40
 105  35 -40
 150  35 -40
 150  50 -40
  80  50 -40

  80 -30 -10
 150 -30 -10
 150 -15 -10
 105 -15 -10
 105   3 -10
 150   3 -10
 150  18 -10
 105  18 -10
 105  35 -10
 150  35 -10
 150  50 -10
  80  50 -10

 0  1
 0  6
 0  5
 6  7
 6 11
 1  2
 1  7
 2  8
 7  8
 2  3
 8  9
 3  9
 3  4
 9 10
 4  5
 4 10
 5 11
10 11

12 13
12 23
12 24
13 25
13 14
14 15
14 26
15 16
15 27
16 17
16 28
17 18
17 29
18 19
18 30
19 20
19 31
20 21
20 32
21 22
21 33
22 23
22 34
23 35
24 25
24 35
25 26
26 27
27 28
28 29
29 30
30 31
31 32
32 33
33 34
34 35

36 37
36 47
36 48
37 49
37 38
38 39
38 50
39 40
39 51
40 41
40 52
41 42
41 53
42 43
42 54
43 44
43 55
44 45
44 56
45 46
45 57
46 47
46 58
47 59
48 49
48 59
49 50
50 51
51 52
52 53
53 54
54 55
55 56
56 57
57 58
58 59
